1 2 0 4 5 3 1 3 2 1 1 2 0 4 5 3 1 3 2 1 1 2 0 4 5 3 1 3 2 1 1 2 0 4 5 3 1 3 2 1 1 2 0 4 5 3 1 3 2 1 
3 7 1 4 5 3 1 3 2 1 1 2 0 4 4 5 3 1 3 2 1 4 5 3 1 3 2 1 0 0 0 1 2 1 1 2 1 1 1 2 1 0 0 0 2 1 1 2 4 2
0 2 1 2 0 4 5 3 1 3 0 0 0 1 2 1 1 2 1 0 0 0 1 2 1 1 2 1 1 1 2 1 0 0 0 1 1 2 1 0 0 0 4 5 3 1 3 2 1 1  
2 1 2 0 4 5 3 1 3 1 1 2 1 0 0 0 1 1 2 1 0 0 0 1 1 2 1 0 0 0 1 1 2 1 0 0 0 4 5 3 1 3 4 5 3 1 3 1 5 4
2 2 0 4 5 3 1 3 2 1 1 2 0 4 5 3 1 3 2 1 1 2 4 5 3 1 3 2 1 1 2 0 4 5 3 1 3 1 1 2 1 0 0 0 1 1 2 1 0 0 
4 1 1 2 1 0 0 0 1 1 2 1 0 0 0 1 1 2 1 0 0 0 4 5 3 1 3 4 5 3 1 3 4 5 3 1 3 4 5 3 1 3 4 5 3 1 3 2 4 1 
1 4 5 3 1 3 2 1 1 2 0 4 0 0 0 1 2 1 1 2 1 1 1 2 1 0 0 0 4 5 3 1 3 4 5 3 1 3 4 5 3 1 3 4 5 3 1 3 1 1 
2 1 1 2 1 0 0 0 3 2 1 1 2 0 4 5 3 1 3 1 2 0 4 5 3 1 3 3 2 1 1 2 0 4 5 3 1 3 1 2 0 4 5 3 1 3 1 3 6 3
2 2 0 4 5 3 1 3 2 1 1 2 0 4 5 3 1 3 2 1 1 2 4 5 3 1 3 2 1 1 2 0 4 5 3 1 3 1 2 0 4 5 3 1 3 2 2 2 1 2
4 4 5 3 1 3 2 1 0 0 0 1 2 1 1 2 1 1 2 0 4 5 3 1 3 2 1 1 2 0 4 5 3 1 1 2 0 4 5 3 1 3 2 1 1 2 0 4 5 3 
4 4 5 3 1 3 2 1 0 0 0 1 2 1 1 2 1 4 5 3 1 3 2 1 0 0 0 1 2 1 1 4 5 3 1 3 2 1 0 0 0 1 2 1 1 1 1 2 3 3
1 0 0 0 1 2 1 1 2 1 1 1 2 1 0 0 0 1 1 2 1 0 0 0 1 1 2 1 0 0 0 1 1 2 1 0 0 0 3 1 3 1 2 0 3 1 3 1 2 0
2 2 0 4 5 3 1 3 2 1 1 2 0 4 5 3 1 3 2 1 1 2 1 1 2 1 0 0 0 4 5 3 1 3 2 1 0 0 0 1 2 1 1 3 1 3 1 2 0 2
2 4 5 3 1 3 2 1 1 2 0 4 1 2 0 4 5 3 1 3 1 1 2 1 0 0 0 1 1 2 1 0 0 0 3 1 3 1 2 0 5 5 3 1 3 1 2 0 5 1
4 1 2 0 4 5 3 1 3 1 2 0 4 5 3 1 3 1 2 0 4 5 3 1 3 1 2 0 4 5 3 1 3 4 5 3 1 3 2 1 0 0 0 1 2 1 1 2 1 2
2 3 1 3 1 2 0 3 1 3 1 2 0 5 5 4 3 1 3 1 2 0 3 5 3 1 3 1 2 0 3 1 3 1 2 0 2 2 3 1 3 1 2 0 2 1 5 2 4 1
2 4 5 3 1 3 2 1 0 0 0 1 2 1 1 4 5 3 1 3 2 1 0 0 0 1 2 1 1 4 5 3 1 3 2 1 0 0 0 1 2 1 1 3 1 3 1 2 0 5
4 2 0 4 5 3 1 3 2 1 1 2 0 4 5 3 1 3 2 1 1 2 3 1 3 1 2 0 2 4 3 1 3 1 2 0 5 5 3 1 3 1 2 0 4 3 1 3 1 2 
1 3 1 3 1 2 0 3 1 3 1 2 0 2 2 2 1 2 2 2 3 1 3 1 2 0 3 1 3 1 2 0 3 1 3 1 2 0 3 1 3 1 2 0 2 2 5 4 2 1
2 4 5 3 1 3 2 1 1 2 0 4 3 1 3 1 2 0 3 1 3 1 2 0 3 1 3 1 2 0 3 1 3 1 2 0 2 3 1 3 1 2 0 1 3 1 3 1 2 0
2 0 0 0 1 2 1 1 2 1 1 3 2 1 1 2 0 4 5 3 1 3 2 1 1 2 0 4 5 3 1 3 2 1 1 2 0 4 5 3 1 3 1 3 1 2 0 1 5 4
4 5 1 3 2 1 1 2 0 4 5 3 1 3 2 1 1 2 0 4 5 3 1 3 2 1 1 2 0 4 5 3 1 3 1 3 1 2 0 2 3 1 3 1 2 0 1 5 4 3
1 1 3 2 1 1 2 0 4 5 3 1 3 2 1 1 2 0 4 5 3 1 3 2 1 1 2 0 4 5 3 1 3 1 3 1 2 0 3 1 3 1 2 0 3 1 3 1 2 0
2 2 0 4 5 3 1 3 2 1 1 2 0 4 5 3 1 3 2 1 1 2 1 1 1 1 4 5 3 1 3 2 1 3 1 3 1 2 0 5 6 4 3 1 3 1 2 0 4 5
2 2 0 4 5 3 1 3 2 1 1 2 0 2 0 4 5 3 1 3 2 1 1 2 0 2 0 4 5 3 1 3 2 1 1 2 0 2 0 4 5 3 1 3 2 1 1 2 0 5
4 4 5 3 1 3 2 1 0 0 0 1 2 1 1 4 5 3 1 3 2 1 0 0 0 1 2 1 1 3 1 3 1 2 0 5 4 3 3 1 3 1 2 0 2 3 1 3 1 2 
4 2 0 2 0 4 5 3 1 3 2 1 1 2 0 2 0 4 5 3 1 3 2 1 1 2 0 2 0 4 2 0 2 0 4 5 3 1 3 2 1 1 2 0 2 0 4 5 3 1 
1 4 5 3 1 3 2 1 1 2 0 4 3 1 3 1 2 0 3 1 3 1 2 0 4 3 1 3 1 2 0 3 1 3 1 2 0 2 2 3 1 3 1 2 0 2 3 1 3 1 
2 2 0 2 0 4 5 3 1 3 2 1 1 2 0 2 0 4 5 3 1 3 2 1 1 2 0 2 0 4 2 0 2 0 4 5 3 1 3 2 1 1 2 0 2 0 4 5 3 1 
2 2 0 4 5 3 1 3 2 1 1 2 0 4 5 3 1 3 2 1 1 2 4 5 3 1 3 2 1 1 2 0 4 5 3 1 3 1 2 0 4 5 3 1 3 2 2 2 1 2
4 4 5 3 1 3 2 1 0 0 0 1 2 1 1 2 1 1 2 0 4 5 3 1 3 2 1 1 2 0 4 5 3 1 1 2 0 4 5 3 1 3 2 1 1 2 0 4 5 3
4 2 0 4 5 3 1 3 2 1 1 2 0 4 5 3 1 3 2 1 1 2 0 0 0 1 2 1 1 2 1 4 3 2 1 3 1 3 1 2 0 5 6 4 3 1 4 4 1 4
1 0 0 0 1 2 1 1 2 1 0 0 0 1 2 1 1 2 1 1 3 2 1 1 2 0 2 0 4 5 3 1 3 2 1 1 2 0 2 0 4 5 3 1 3 2 1 3 1 3 
2 1 2 0 4 5 3 1 3 2 0 2 0 4 5 3 1 3 2 1 1 2 0 2 0 4 5 3 1 3 2 1 1 2 0 2 0 4 2 0 2 0 4 5 3 1 3 2 1 1   
2 5 3 1 3 2 1 3 1 3 1 2 0 5 6 4 3 1 3 1 2 0 4 5 2 1 3 1 3 1 2 0 5 6 4 3 1 2 1 3 1 3 1 2 0 5 6 4 3 1 
4 4 5 3 1 3 2 1 1 2 0 4 2 0 2 0 4 5 3 1 3 2 1 1 2 0 2 0 4 5 3 1 3 2 1 1 2 0 2 0 4 2 0 2 0 4 5 3 1 3 
4 5 3 1 3 2 1 3 1 3 1 2 0 5 6 4 3 1 3 1 2 0 4 5 5 3 1 3 2 1 3 1 3 1 2 0 5 6 4 3 1 3 1 2 0 4 5 5 4 5
1 2 0 4 5 3 1 3 2 1 1 2 0 4 5 3 1 3 2 1 1 2 5 3 1 3 2 1 3 1 3 1 2 0 5 6 4 3 1 3 1 2 0 4 5 5 5 4 5 5
2 5 3 1 3 2 1 3 1 3 1 2 0 5 6 4 3 1 3 1 2 0 4 5 1 3 2 1 1 2 0 2 0 4 5 3 1 3 2 1 1 2 0 2 0 4 5 3 1 3 
2 4 5 3 1 3 2 1 5 3 1 3 2 1 3 1 3 1 2 0 5 6 4 3 1 3 1 2 0 4 5 2 1 3 1 3 1 2 0 5 6 4 3 1 2 1 3 1 3 1 
2 1 2 0 4 5 3 1 3 1 2 0 4 5 3 1 3 1 2 0 4 5 3 1 3 1 2 0 4 5 3 1 3 2 1 3 1 3 1 2 0 5 6 4 3 1 6 6 5 4
4 5 3 2 0 4 5 3 1 3 2 1 1 2 0 4 5 3 2 1 3 1 3 1 2 0 5 6 4 3 1 2 1 3 1 3 1 2 0 5 6 4 3 1 4 6 5 3 2 5
1 4 5 3 1 3 2 1 1 2 0 4 5 3 2 0 4 5 3 1 3 2 1 1 2 0 4 5 3 2 1 3 1 3 1 2 0 5 6 4 3 1 5 3 4 2 6 4 3 1
2 2 1 5 3 2 0 4 5 3 1 3 2 1 1 2 0 4 5 3 5 3 2 0 4 5 3 1 3 2 1 1 2 0 4 5 3 2 1 3 1 3 1 2 0 5 6 4 3 1 
2 5 3 1 3 2 1 3 1 3 1 2 0 5 6 4 3 1 3 1 2 0 4 5 5 3 1 3 2 1 3 1 3 1 2 0 5 6 4 3 1 3 1 2 0 4 5 5 4 2
4 1 3 2 1 1 2 0 2 0 4 5 3 1 3 2 1 1 2 0 2 0 4 5 3 1 3 2 1 3 1 3 1 2 0 5 6 4 3 1 3 2 1 3 1 3 1 2 0 5 
4 4 5 3 2 0 4 5 3 1 3 2 1 1 2 0 4 5 3 1 3 2 1 1 2 0 2 0 4 5 3 1 3 2 1 1 2 0 2 0 4 5 3 1 3 2 1 1 2 0  
1 5 3 1 3 2 1 3 1 3 1 2 0 5 6 4 3 1 3 1 2 0 4 5 2 1 3 1 3 1 2 0 5 6 4 3 1 2 1 3 1 3 1 2 0 5 6 4 3 1 
2 2 0 2 0 4 5 3 1 3 2 1 1 2 0 2 0 4 5 3 1 3 2 1 1 2 0 2 0 4 5 3 1 3 2 1 3 1 3 1 2 0 5 6 4 3 1 3 1 2 
2 1 3 2 1 1 2 0 2 0 4 5 3 1 3 2 1 1 2 0 2 0 4 5 3 1 3 2 1 3 1 3 1 2 0 5 6 4 3 1 3 2 1 3 1 3 1 2 0 5 

2 0 1 2 0 1 1 2 0 1 1 0 1 2 0 1 1 2 0 1 1 0 1 2 0 1 1 2 0 1 1 0 1 2 0 1 1 2 0 1 1 0 1 2 0 1 1 2 0 1  
1 0 1 2 0 1 1 2 0 1 1 0 1 2 0 1 1 2 0 1 1 0 1 2 0 1 1 2 0 1 1 0 1 2 0 1 1 2 0 1 1 0 1 2 0 1 1 2 0 1  
1 1 2 0 1 1 2 0 1 1 0 1 2 0 1 1 2 0 1 1 0 1 1 1 2 0 1 1 2 0 1 1 0 1 2 0 1 1 2 0 1 1 0 1 2 2 1 2 2 2
2 1 2 0 1 1 2 0 1 1 0 1 2 0 1 1 2 0 1 1 0 1 1 2 1 1 2 0 1 1 2 0 1 1 0 1 2 0 1 1 2 0 1 1 0 1 2 1 2 2
1 1 2 0 1 1 2 0 1 1 0 1 2 0 1 1 2 0 1 1 0 1 1 2 0 1 1 2 0 1 1 0 1 2 0 1 1 2 0 1 1 0 1 3 2 1 3 4 2 1
0 1 2 0 1 1 2 0 1 1 0 1 2 0 1 1 2 0 1 1 0 1 1 2 0 1 1 2 0 1 1 0 1 2 0 1 1 2 0 1 1 0 1 2 2 1 2 2 2 2
0 2 2 2 1 2 2 1 2 0 1 1 2 0 1 1 0 1 2 0 1 1 2 0 1 1 0 1 1 2 0 1 1 2 0 1 1 0 1 2 0 1 1 2 0 1 1 0 1 2
1 1 2 1 2 1 2 2 1 2 0 1 1 2 0 1 1 0 1 2 0 1 1 2 0 1 1 0 1 2 1 1 2 0 1 1 2 0 1 1 0 1 2 0 1 1 2 0 1 1 
0 1 2 0 1 1 2 0 1 1 0 1 2 0 1 1 2 0 1 1 0 1 4 3 1 1 1 0 1 2 1 1 2 0 1 1 1 1 0 1 2 1 1 2 0 1 1 2 2 2
2 1 1 0 1 2 1 1 2 0 1 1 1 1 0 1 2 1 1 2 0 1 1 1 1 0 1 2 1 1 2 0 1 1 1 1 0 1 2 1 1 2 0 1 1 1 1 0 1 2  
2 0 1 2 0 1 1 2 0 1 1 0 1 2 0 1 1 2 0 1 1 0 1 2 0 1 1 2 0 1 1 0 1 2 0 1 1 2 0 1 1 0 1 2 0 1 1 2 0 1  
1 0 1 2 0 1 1 2 0 1 1 0 1 2 0 1 1 2 0 1 1 0 1 2 0 1 1 2 0 1 1 0 1 2 0 1 1 2 0 1 1 0 1 2 0 1 1 2 0 1  
1 1 2 0 1 1 2 0 1 1 0 1 2 0 1 1 2 0 1 1 0 1 1 1 2 0 1 1 2 0 1 1 0 1 2 0 1 1 2 0 1 1 0 1 2 2 1 2 2 2
2 1 2 0 1 1 2 0 1 1 0 1 2 0 1 1 2 0 1 1 0 1 1 2 1 1 2 0 1 1 2 0 1 1 0 1 2 0 1 1 2 0 1 1 0 1 2 1 2 2
1 1 2 0 1 1 2 0 1 1 0 1 2 0 1 1 2 0 1 1 0 1 1 2 0 1 1 2 0 1 1 0 1 2 0 1 1 2 0 1 1 0 1 3 2 1 3 4 2 1
0 1 2 0 1 1 2 0 1 1 0 1 2 0 1 1 2 0 1 1 0 1 1 2 0 1 1 2 0 1 1 0 1 2 0 1 1 2 0 1 1 0 1 2 2 1 2 2 2 2
0 2 2 2 1 2 2 1 2 0 1 1 2 0 1 1 0 1 2 0 1 1 2 0 1 1 0 1 1 2 0 1 1 2 0 1 1 0 1 2 0 1 1 2 0 1 1 0 1 2
1 1 2 1 2 1 2 2 1 2 0 1 1 2 0 1 1 0 1 2 0 1 1 2 0 1 1 0 1 2 1 1 2 0 1 1 2 0 1 1 0 1 2 0 1 1 2 0 1 1 
0 1 2 0 1 1 2 0 1 1 0 1 2 0 1 1 2 0 1 1 0 1 4 3 1 1 1 0 1 2 1 1 2 0 1 1 1 1 0 1 2 1 1 2 0 1 1 2 2 2
2 1 1 0 1 2 1 1 2 0 1 1 1 1 0 1 2 1 1 2 0 1 1 1 1 0 1 2 1 1 2 0 1 1 1 1 0 1 2 1 1 2 0 1 1 1 1 0 1 2
2 0 1 2 0 1 1 2 0 1 1 0 1 2 0 1 1 2 0 1 1 0 1 2 0 1 1 2 0 1 1 0 1 2 0 1 1 2 0 1 1 0 1 2 0 1 1 2 0 1  
1 0 1 2 0 1 1 2 0 1 1 0 1 2 0 1 1 2 0 1 1 0 1 2 0 1 1 2 0 1 1 0 1 2 0 1 1 2 0 1 1 0 1 2 0 1 1 2 0 1  
1 1 2 0 1 1 2 0 1 1 0 1 2 0 1 1 2 0 1 1 0 1 1 1 2 0 1 1 2 0 1 1 0 1 2 0 1 1 2 0 1 1 0 1 2 2 1 2 2 2
2 1 2 0 1 1 2 0 1 1 0 1 2 0 1 1 2 0 1 1 0 1 1 2 1 1 2 0 1 1 2 0 1 1 0 1 2 0 1 1 2 0 1 1 0 1 2 1 2 2
1 1 2 0 1 1 2 0 1 1 0 1 2 0 1 1 2 0 1 1 0 1 1 2 0 1 1 2 0 1 1 0 1 2 0 1 1 2 0 1 1 0 1 3 2 1 3 4 2 1
0 1 2 0 1 1 2 0 1 1 0 1 2 0 1 1 2 0 1 1 0 1 1 2 0 1 1 2 0 1 1 0 1 2 0 1 1 2 0 1 1 0 1 2 2 1 2 2 2 2
0 2 2 2 1 2 2 1 2 0 1 1 2 0 1 1 0 1 2 0 1 1 2 0 1 1 0 1 1 2 0 1 1 2 0 1 1 0 1 2 0 1 1 2 0 1 1 0 1 2
1 1 2 1 2 1 2 2 1 2 0 1 1 2 0 1 1 0 1 2 0 1 1 2 0 1 1 0 1 2 1 1 2 0 1 1 2 0 1 1 0 1 2 0 1 1 2 0 1 1 
0 1 2 0 1 1 2 0 1 1 0 1 2 0 1 1 2 0 1 1 0 1 4 3 1 1 1 0 1 2 1 1 2 0 1 1 1 1 0 1 2 1 1 2 0 1 1 2 2 2
2 1 1 0 1 2 1 1 2 0 1 1 1 1 0 1 2 1 1 2 0 1 1 1 1 0 1 2 1 1 2 0 1 1 1 1 0 1 2 1 1 2 0 1 1 1 1 0 1 2
2 0 1 2 0 1 1 2 0 1 1 0 1 2 0 1 1 2 0 1 1 0 1 2 0 1 1 2 0 1 1 0 1 2 0 1 1 2 0 1 1 0 1 2 0 1 1 2 0 1  
1 0 1 2 0 1 1 2 0 1 1 0 1 2 0 1 1 2 0 1 1 0 1 2 0 1 1 2 0 1 1 0 1 2 0 1 1 2 0 1 1 0 1 2 0 1 1 2 0 1  
1 1 2 0 1 1 2 0 1 1 0 1 2 0 1 1 2 0 1 1 0 1 1 1 2 0 1 1 2 0 1 1 0 1 2 0 1 1 2 0 1 1 0 1 2 2 1 2 2 2
2 1 2 0 1 1 2 0 1 1 0 1 2 0 1 1 2 0 1 1 0 1 1 2 1 1 2 0 1 1 2 0 1 1 0 1 2 0 1 1 2 0 1 1 0 1 2 1 2 2
1 1 2 0 1 1 2 0 1 1 0 1 2 0 1 1 2 0 1 1 0 1 1 2 0 1 1 2 0 1 1 0 1 2 0 1 1 2 0 1 1 0 1 3 2 1 3 4 2 1
0 1 2 0 1 1 2 0 1 1 0 1 2 0 1 1 2 0 1 1 0 1 1 2 0 1 1 2 0 1 1 0 1 2 0 1 1 2 0 1 1 0 1 2 2 1 2 2 2 2
0 2 2 2 1 2 2 1 2 0 1 1 2 0 1 1 0 1 2 0 1 1 2 0 1 1 0 1 1 2 0 1 1 2 0 1 1 0 1 2 0 1 1 2 0 1 1 0 1 2
1 1 2 1 2 1 2 2 1 2 0 1 1 2 0 1 1 0 1 2 0 1 1 2 0 1 1 0 1 2 1 1 2 0 1 1 2 0 1 1 0 1 2 0 1 1 2 0 1 1 
0 1 2 0 1 1 2 0 1 1 0 1 2 0 1 1 2 0 1 1 0 1 4 3 1 1 1 0 1 2 1 1 2 0 1 1 1 1 0 1 2 1 1 2 0 1 1 2 2 2
2 1 1 0 1 2 1 1 2 0 1 1 1 1 0 1 2 1 1 2 0 1 1 1 1 0 1 2 1 1 2 0 1 1 1 1 0 1 2 1 1 2 0 1 1 1 1 0 1 2
2 0 1 2 0 1 1 2 0 1 1 0 1 2 0 1 1 2 0 1 1 0 1 2 0 1 1 2 0 1 1 0 1 2 0 1 1 2 0 1 1 0 1 2 0 1 1 2 0 1  
1 0 1 2 0 1 1 2 0 1 1 0 1 2 0 1 1 2 0 1 1 0 1 2 0 1 1 2 0 1 1 0 1 2 0 1 1 2 0 1 1 0 1 2 0 1 1 2 0 1  
1 1 2 0 1 1 2 0 1 1 0 1 2 0 1 1 2 0 1 1 0 1 1 1 2 0 1 1 2 0 1 1 0 1 2 0 1 1 2 0 1 1 0 1 2 2 1 2 2 2
2 1 2 0 1 1 2 0 1 1 0 1 2 0 1 1 2 0 1 1 0 1 1 2 1 1 2 0 1 1 2 0 1 1 0 1 2 0 1 1 2 0 1 1 0 1 2 1 2 2
1 1 2 0 1 1 2 0 1 1 0 1 2 0 1 1 2 0 1 1 0 1 1 2 0 1 1 2 0 1 1 0 1 2 0 1 1 2 0 1 1 0 1 3 2 1 3 4 2 1
0 1 2 0 1 1 2 0 1 1 0 1 2 0 1 1 2 0 1 1 0 1 1 2 0 1 1 2 0 1 1 0 1 2 0 1 1 2 0 1 1 0 1 2 2 1 2 2 2 2
0 2 2 2 1 2 2 1 2 0 1 1 2 0 1 1 0 1 2 0 1 1 2 0 1 1 0 1 1 2 0 1 1 2 0 1 1 0 1 2 0 1 1 2 0 1 1 0 1 2
1 1 2 1 2 1 2 2 1 2 0 1 1 2 0 1 1 0 1 2 0 1 1 2 0 1 1 0 1 2 1 1 2 0 1 1 2 0 1 1 0 1 2 0 1 1 2 0 1 1 
0 1 2 0 1 1 2 0 1 1 0 1 2 0 1 1 2 0 1 1 0 1 4 3 1 1 1 0 1 2 1 1 2 0 1 1 1 1 0 1 2 1 1 2 0 1 1 2 2 2
2 1 1 0 1 2 1 1 2 0 1 1 1 1 0 1 2 1 1 2 0 1 1 1 1 0 1 2 1 1 2 0 1 1 1 1 0 1 2 1 1 2 0 1 1 1 1 0 1 2

1 1 10 1 21 1 31 2 42 1 42 12 21 13 31 3 40 4 15 4 24 5 25 15 6 17 7 7 1 27 46 1 30 10 25 25 45 20 48 33 49 49 40 20 40 39 18 28 32 43

50 2 0 0 1 50 5 25 3